     1  -1.966361  0.002909  -1.930399  0.002918  0.289283  0.000133  -2.219682  0.002909  5.993646  0.022159  0.6796
     2  -1.968533  0.002930  -1.932338  0.002939  0.289542  0.000135  -2.221880  0.002932  6.032552  0.022351  0.6801
     3  -1.973798  0.002948  -1.937834  0.002957  0.289372  0.000137  -2.227206  0.002961  5.994007  0.022405  0.6796
     4  -1.982031  0.002862  -1.946290  0.002869  0.289250  0.000141  -2.235541  0.002884  5.956752  0.022067  0.6784
     5  -1.988581  0.002852  -1.953048  0.002859  0.289299  0.000148  -2.242347  0.002884  5.922142  0.021250  0.6783
     6  -1.993601  0.002785  -1.958069  0.002789  0.289786  0.000163  -2.247855  0.002827  5.921967  0.021572  0.6771
     7  -1.999919  0.002795  -1.964950  0.002805  0.289532  0.000179  -2.254482  0.002846  5.828238  0.021132  0.6785
     8  -2.011452  0.002696  -1.976405  0.002701  0.290666  0.000192  -2.267071  0.002750  5.841139  0.021133  0.6765
     9  -2.013281  0.002712  -1.978378  0.002720  0.291110  0.000211  -2.269488  0.002775  5.817130  0.021089  0.6760
    10  -2.018518  0.002692  -1.984071  0.002698  0.291848  0.000231  -2.275919  0.002758  5.741197  0.020479  0.6739
    11  -2.029241  0.002669  -1.994518  0.002677  0.293153  0.000251  -2.287670  0.002739  5.787194  0.021111  0.6730
    12  -2.027164  0.002544  -1.992815  0.002552  0.293983  0.000274  -2.286798  0.002620  5.724731  0.021047  0.6714
    13  -2.033642  0.002599  -1.999424  0.002606  0.294968  0.000299  -2.294392  0.002681  5.702891  0.020389  0.6705
    14  -2.042378  0.002459  -2.007889  0.002467  0.297164  0.000314  -2.305053  0.002541  5.748260  0.021029  0.6693
    15  -2.043574  0.002477  -2.009694  0.002485  0.298425  0.000331  -2.308120  0.002550  5.646552  0.020043  0.6684
    16  -2.046601  0.002467  -2.012378  0.002475  0.300195  0.000363  -2.312573  0.002558  5.703874  0.020895  0.6676
    17  -2.049097  0.002532  -2.015496  0.002538  0.300916  0.000392  -2.316412  0.002621  5.600278  0.020285  0.6653
    18  -2.051724  0.002434  -2.017583  0.002441  0.303539  0.000412  -2.321122  0.002514  5.690196  0.021044  0.6637
    19  -2.050451  0.002469  -2.016637  0.002474  0.305170  0.000456  -2.321806  0.002558  5.635666  0.021251  0.6630
    20  -2.054887  0.002403  -2.021402  0.002409  0.308186  0.000509  -2.329589  0.002472  5.580748  0.020340  0.6600
    21  -2.062332  0.002424  -2.028816  0.002429  0.311146  0.000499  -2.339962  0.002507  5.586008  0.020710  0.6577
    22  -2.064296  0.002613  -2.030473  0.002616  0.312753  0.001230  -2.343225  0.002476  5.637149  0.020757  0.6534
    23  -2.076746  0.002309  -2.043170  0.002315  0.312921  0.000568  -2.356091  0.002444  5.595900  0.020306  0.6535
    24  -2.082513  0.002374  -2.048935  0.002381  0.316478  0.001166  -2.365414  0.002314  5.596258  0.020278  0.6530
    25  -2.087937  0.002104  -2.054618  0.002113  0.315118  0.000618  -2.369736  0.002296  5.553157  0.020019  0.6489
    26  -2.093697  0.002015  -2.060523  0.002022  0.316813  0.000689  -2.377336  0.002214  5.528973  0.019926  0.6472
    27  -2.104472  0.002020  -2.071255  0.002026  0.318380  0.000803  -2.389635  0.002241  5.536142  0.020207  0.6462
    28  -2.112886  0.002156  -2.079773  0.002163  0.319834  0.001360  -2.399607  0.002108  5.518793  0.020322  0.6428
    29  -2.119692  0.001824  -2.086748  0.001832  0.322010  0.000957  -2.408758  0.002090  5.490755  0.019537  0.6386
    30  -2.125363  0.001687  -2.092685  0.001695  0.324142  0.000886  -2.416827  0.002035  5.446293  0.019703  0.6363
    31  -2.130242  0.001543  -2.097501  0.001554  0.326083  0.000815  -2.423584  0.001967  5.456857  0.019771  0.6350
    32  -2.137930  0.001407  -2.105328  0.001418  0.328063  0.000836  -2.433392  0.001872  5.433605  0.019664  0.6326
    33  -2.140844  0.004080  -2.108289  0.004082  0.336648  0.003985  -2.444937  0.001796  5.425898  0.019879  0.6284
    34  -2.150505  0.001367  -2.118318  0.001376  0.336508  0.001060  -2.454827  0.001756  5.364393  0.019187  0.6252
    35  -2.157327  0.001261  -2.125238  0.001270  0.339267  0.001098  -2.464504  0.001708  5.348117  0.018944  0.6243
    36  -2.159742  0.001287  -2.127646  0.001295  0.340210  0.001190  -2.467857  0.001696  5.349253  0.019346  0.6194
    37  -2.164015  0.001471  -2.132112  0.001479  0.342848  0.001478  -2.474960  0.001646  5.317115  0.019303  0.6164
    38  -2.172462  0.001830  -2.140598  0.001834  0.347314  0.001889  -2.487912  0.001571  5.310614  0.019083  0.6145
    39  -2.169543  0.001162  -2.137696  0.001171  0.353267  0.001354  -2.490962  0.001555  5.307877  0.019233  0.6094
    40  -2.172116  0.002113  -2.140041  0.002119  0.354488  0.002244  -2.494529  0.001498  5.345875  0.018913  0.6069
    41  -2.192206  0.016215  -2.160348  0.016217  0.342855  0.016214  -2.503203  0.001528  5.309691  0.018778  0.6050
    42  -2.175687  0.000786  -2.143832  0.000802  0.364090  0.001239  -2.507922  0.001445  5.309041  0.019029  0.6021
    43  -2.178024  0.000761  -2.146491  0.000777  0.366569  0.001229  -2.513060  0.001424  5.255513  0.018419  0.5988
    44  -2.179456  0.000720  -2.147810  0.000736  0.370759  0.001250  -2.518569  0.001406  5.274285  0.019072  0.5962
    45  -2.180264  0.000922  -2.148845  0.000934  0.377830  0.001379  -2.526674  0.001341  5.236599  0.018747  0.5943
    46  -2.182609  0.001225  -2.151232  0.001235  0.377712  0.001607  -2.528943  0.001376  5.229608  0.018665  0.5944
    47  -2.181919  0.000680  -2.150606  0.000699  0.382319  0.001256  -2.532925  0.001336  5.218793  0.018283  0.5918
    48  -2.184475  0.000691  -2.153354  0.000704  0.381852  0.001297  -2.535205  0.001304  5.186775  0.018174  0.5885
    49  -2.184165  0.000718  -2.153200  0.000731  0.377961  0.001342  -2.531161  0.001351  5.160855  0.018126  0.5908
    50  -2.184555  0.000761  -2.153580  0.000774  0.378556  0.001344  -2.532136  0.001334  5.162493  0.018105  0.5912
    51  -2.184072  0.000672  -2.153030  0.000687  0.379238  0.001265  -2.532268  0.001347  5.173634  0.018667  0.5912
    52  -2.184181  0.000650  -2.153506  0.000666  0.377921  0.001222  -2.531428  0.001317  5.112407  0.018340  0.5926
    53  -2.184768  0.000762  -2.154151  0.000774  0.379471  0.001372  -2.533622  0.001341  5.102868  0.017897  0.5898
    54  -2.184517  0.000669  -2.154025  0.000683  0.377330  0.001274  -2.531356  0.001355  5.081908  0.018299  0.5919
    55  -2.185684  0.000805  -2.155395  0.000817  0.377690  0.001376  -2.533085  0.001328  5.048072  0.017760  0.5922
    56  -2.185341  0.000904  -2.155109  0.000915  0.377989  0.001384  -2.533098  0.001323  5.038599  0.017977  0.5920
    57  -2.185218  0.000688  -2.154814  0.000701  0.378308  0.001310  -2.533122  0.001333  5.067246  0.018131  0.5910
    58  -2.186804  0.000863  -2.156733  0.000872  0.376085  0.001400  -2.532818  0.001324  5.011813  0.017763  0.5919
    59  -2.185471  0.001466  -2.155382  0.001472  0.378960  0.001843  -2.534342  0.001319  5.014873  0.017693  0.5904
    60  -2.185804  0.000720  -2.155910  0.000734  0.376492  0.001328  -2.532402  0.001342  4.982326  0.017650  0.5919
    61  -2.186322  0.000704  -2.156371  0.000715  0.379144  0.001316  -2.535515  0.001337  4.991871  0.017489  0.5904
    62  -2.188289  0.000604  -2.158341  0.000616  0.381268  0.001296  -2.539609  0.001294  4.991321  0.017516  0.5897
    63  -2.180221  0.008727  -2.150346  0.008727  0.386240  0.008779  -2.536586  0.001310  4.979189  0.018310  0.5924
    64  -2.189522  0.001240  -2.159773  0.001247  0.377573  0.001673  -2.537346  0.001305  4.958274  0.017375  0.5899
    65  -2.187048  0.000629  -2.157573  0.000641  0.376212  0.001265  -2.533785  0.001326  4.912409  0.017477  0.5915
    66  -2.187557  0.000591  -2.157835  0.000604  0.379226  0.001300  -2.537061  0.001323  4.953764  0.017227  0.5897
    67  -2.188764  0.000831  -2.159231  0.000841  0.379013  0.001407  -2.538245  0.001320  4.922169  0.017163  0.5898
    68  -2.187990  0.000819  -2.158436  0.000828  0.380133  0.001418  -2.538569  0.001303  4.925662  0.017498  0.5876
    69  -2.187105  0.001204  -2.157686  0.001212  0.378718  0.001641  -2.536403  0.001341  4.903291  0.017133  0.5900
    70  -2.187960  0.000687  -2.158509  0.000700  0.380166  0.001318  -2.538675  0.001286  4.908467  0.017382  0.5890
    71  -2.188716  0.001095  -2.159532  0.001102  0.376579  0.001581  -2.536111  0.001375  4.863884  0.017366  0.5907
